{
	"settings": {
		"export_namespace": "blueprint",
		"bounding_box": [48, 48],
		"custom_model_data_offset": 0,
		"baked_animations": true
	},
	"textures": {
		"3056369d-f0db-4a49-9924-d79c65a5a28c": {
			"name": "texture.png",
			"src": "data:image/png;base64,iVBORw0KGgoAAAANSUhEUgAAABAAAAAQCAYAAAAf8/9hAAAAAXNSR0IArs4c6QAAAGNJREFUOE9jdH7R+58BDeyVKGZEF8PFZ/zS1oZhAE9VFfEGbLny8P/83skMHNENDEtdeIjWCHMRI8yApTX/GDiU+8g3YO38HpI1g1wBd8HAGUBsdOGMxlEDGMiKe+RwGwYGAACLcCwR0H7zHAAAAABJRU5ErkJggg=="
		}
	},
	"nodes": {
		"6ef555e2-76de-957f-db47-33d1c1e53cd3": {
			"type": "bone",
			"name": "bone2",
			"uuid": "6ef555e2-76de-957f-db47-33d1c1e53cd3",
			"parent": "8a070397-69d7-3ce7-7201-290f9f9ff4b3",
			"bounding_box": {
				"min": [-1, 0, 0],
				"max": [0, 1, 9]
			},
			"base_scale": 1,
			"default_transform": {
				"matrix": [-1, 0, 0, 0, 0, 1, 0, 0, 0, 0, -1, 0, 0, 0, 0, 1],
				"decomposed": {
					"translation": [0, 0, 0],
					"left_rotation": [0, 1, 0, 0],
					"scale": [1, 1, 1]
				},
				"pos": [0, 0, 0],
				"rot": [0, 0, 0],
				"head_rot": [0, 0],
				"scale": [1, 1, 1]
			},
			"configs": {}
		},
		"8a070397-69d7-3ce7-7201-290f9f9ff4b3": {
			"type": "bone",
			"name": "bone",
			"uuid": "8a070397-69d7-3ce7-7201-290f9f9ff4b3",
			"bounding_box": {
				"min": [-1, 0, -1],
				"max": [0, 1, 4]
			},
			"base_scale": 1,
			"default_transform": {
				"matrix": [-1, 0, 0, 0, 0, 1, 0, 0, 0, 0, -1, 0, 0, 0, 0, 1],
				"decomposed": {
					"translation": [0, 0, 0],
					"left_rotation": [0, 1, 0, 0],
					"scale": [1, 1, 1]
				},
				"pos": [0, 0, 0],
				"rot": [0, 0, 0],
				"head_rot": [0, 0],
				"scale": [1, 1, 1]
			},
			"configs": {}
		}
	},
	"variants": {
		"d916fac5-45b8-e348-025c-17757ee7b98a": {
			"name": "default",
			"display_name": "Default",
			"uuid": "d916fac5-45b8-e348-025c-17757ee7b98a",
			"texture_map": {},
			"excluded_nodes": [],
			"is_default": true,
			"models": {
				"8a070397-69d7-3ce7-7201-290f9f9ff4b3": {
					"model": {
						"textures": {
							"0": "animated_java:item/blueprint/texture"
						},
						"display": {
							"head": {
								"rotation": [0, 180, 0]
							}
						},
						"elements": [
							{
								"from": [7, 8, 7],
								"to": [8, 9, 12],
								"faces": {
									"north": {
										"uv": [0, 0, 1, 1],
										"texture": "#0"
									},
									"east": {
										"uv": [0, 0, 5, 1],
										"texture": "#0"
									},
									"south": {
										"uv": [0, 0, 1, 1],
										"texture": "#0"
									},
									"west": {
										"uv": [0, 0, 5, 1],
										"texture": "#0"
									},
									"up": {
										"uv": [0, 0, 1, 5],
										"texture": "#0"
									},
									"down": {
										"uv": [0, 0, 1, 5],
										"texture": "#0"
									}
								}
							}
						]
					},
					"custom_model_data": 2
				},
				"6ef555e2-76de-957f-db47-33d1c1e53cd3": {
					"model": {
						"textures": {
							"0": "animated_java:item/blueprint/texture"
						},
						"display": {
							"head": {
								"rotation": [0, 180, 0]
							}
						},
						"elements": [
							{
								"from": [7, 8, 12],
								"to": [8, 9, 17],
								"rotation": {
									"angle": 0,
									"axis": "y",
									"origin": [8, 8, 13]
								},
								"faces": {
									"north": {
										"uv": [2, 2, 3, 3],
										"texture": "#0"
									},
									"east": {
										"uv": [0, 0, 5, 1],
										"texture": "#0"
									},
									"south": {
										"uv": [2, 3, 3, 4],
										"texture": "#0"
									},
									"west": {
										"uv": [0, 1, 5, 2],
										"texture": "#0"
									},
									"up": {
										"uv": [1, 7, 0, 2],
										"texture": "#0"
									},
									"down": {
										"uv": [2, 2, 1, 7],
										"texture": "#0"
									}
								}
							}
						]
					},
					"custom_model_data": 3
				}
			}
		}
	},
	"animations": {
		"d855eb0f-db42-ac97-b4eb-6dca41f6ebbc": {
			"name": "myanim",
			"duration": 21,
			"loop_delay": 0,
			"loop_mode": "loop",
			"frames": [
				{
					"time": 0,
					"node_transforms": {
						"6ef555e2-76de-957f-db47-33d1c1e53cd3": {
							"matrix": [-1, 0, 0, 0, 0, 1, 0, 0, 0, 0, -1, 0, 0, 0, 0, 1],
							"decomposed": {
								"translation": [0, 0, 0],
								"left_rotation": [0, 1, 0, 0],
								"scale": [1, 1, 1]
							},
							"pos": [0, 0, 0],
							"rot": [0, 0, 0],
							"head_rot": [0, 0],
							"scale": [1, 1, 1]
						},
						"8a070397-69d7-3ce7-7201-290f9f9ff4b3": {
							"matrix": [-1, 0, 0, 0, 0, 1, 0, 0, 0, 0, -1, 0, 0, 0, 0, 1],
							"decomposed": {
								"translation": [0, 0, 0],
								"left_rotation": [0, 1, 0, 0],
								"scale": [1, 1, 1]
							},
							"pos": [0, 0, 0],
							"rot": [0, 0, 0],
							"head_rot": [0, 0],
							"scale": [1, 1, 1]
						}
					}
				},
				{
					"time": 0.05,
					"node_transforms": {
						"6ef555e2-76de-957f-db47-33d1c1e53cd3": {
							"matrix": [-0.97069, 0, 0.24033, 0, 0, 1, 0, 0, -0.24033, 0, -0.97069, 0, 0, 0, 0, 1],
							"decomposed": {
								"translation": [0, 0, 0],
								"left_rotation": [0, 0.99265, 0, -0.12105],
								"scale": [1, 1, 1]
							},
							"pos": [0, 0, 0],
							"rot": [0, 346.09424, 0],
							"head_rot": [0, 346.09424],
							"scale": [1, 1, 1]
						},
						"8a070397-69d7-3ce7-7201-290f9f9ff4b3": {
							"matrix": [-0.99265, 0, 0.12105, 0, 0, 1, 0, 0, -0.12105, 0, -0.99265, 0, 0, 0, 0, 1],
							"decomposed": {
								"translation": [0, 0, 0],
								"left_rotation": [0, 0.99816, 0, -0.06064],
								"scale": [1, 1, 1]
							},
							"pos": [0, 0, 0],
							"rot": [0, 353.04712, 0],
							"head_rot": [0, 353.04712],
							"scale": [1, 1, 1]
						}
					}
				},
				{
					"time": 0.1,
					"node_transforms": {
						"6ef555e2-76de-957f-db47-33d1c1e53cd3": {
							"matrix": [-0.89532, 0, 0.44542, 0, 0, 1, 0, 0, -0.44542, 0, -0.89532, 0, 0, 0, 0, 1],
							"decomposed": {
								"translation": [0, 0, 0],
								"left_rotation": [0, 0.97348, 0, -0.22878],
								"scale": [1, 1, 1]
							},
							"pos": [0, 0, 0],
							"rot": [0, 333.54966, 0],
							"head_rot": [0, 333.54966],
							"scale": [1, 1, 1]
						},
						"8a070397-69d7-3ce7-7201-290f9f9ff4b3": {
							"matrix": [-0.97348, 0, 0.22878, 0, 0, 1, 0, 0, -0.22878, 0, -0.97348, 0, 0, 0, 0, 1],
							"decomposed": {
								"translation": [0, 0, 0],
								"left_rotation": [0, 0.99335, 0, -0.11516],
								"scale": [1, 1, 1]
							},
							"pos": [0, 0, 0],
							"rot": [0, 346.77483, 0],
							"head_rot": [0, 346.77483],
							"scale": [1, 1, 1]
						}
					}
				},
				{
					"time": 0.15,
					"node_transforms": {
						"6ef555e2-76de-957f-db47-33d1c1e53cd3": {
							"matrix": [-0.80483, 0, 0.5935, 0, 0, 1, 0, 0, -0.5935, 0, -0.80483, 0, 0, 0, 0, 1],
							"decomposed": {
								"translation": [0, 0, 0],
								"left_rotation": [0, 0.94996, 0, -0.31238],
								"scale": [1, 1, 1]
							},
							"pos": [0, 0, 0],
							"rot": [0, 323.59424, 0],
							"head_rot": [0, 323.59424],
							"scale": [1, 1, 1]
						},
						"8a070397-69d7-3ce7-7201-290f9f9ff4b3": {
							"matrix": [-0.94996, 0, 0.31238, 0, 0, 1, 0, 0, -0.31238, 0, -0.94996, 0, 0, 0, 0, 1],
							"decomposed": {
								"translation": [0, 0, 0],
								"left_rotation": [0, 0.98741, 0, -0.15818],
								"scale": [1, 1, 1]
							},
							"pos": [0, 0, 0],
							"rot": [0, 341.79712, 0],
							"head_rot": [0, 341.79712],
							"scale": [1, 1, 1]
						}
					}
				},
				{
					"time": 0.2,
					"node_transforms": {
						"6ef555e2-76de-957f-db47-33d1c1e53cd3": {
							"matrix": [-0.73376, 0, 0.67941, 0, 0, 1, 0, 0, -0.67941, 0, -0.73376, 0, 0, 0, 0, 1],
							"decomposed": {
								"translation": [0, 0, 0],
								"left_rotation": [0, 0.93106, 0, -0.36486],
								"scale": [1, 1, 1]
							},
							"pos": [0, 0, 0],
							"rot": [0, 317.20246, 0],
							"head_rot": [0, 317.20246],
							"scale": [1, 1, 1]
						},
						"8a070397-69d7-3ce7-7201-290f9f9ff4b3": {
							"matrix": [-0.93106, 0, 0.36486, 0, 0, 1, 0, 0, -0.36486, 0, -0.93106, 0, 0, 0, 0, 1],
							"decomposed": {
								"translation": [0, 0, 0],
								"left_rotation": [0, 0.98261, 0, -0.18566],
								"scale": [1, 1, 1]
							},
							"pos": [0, 0, 0],
							"rot": [0, 338.60123, 0],
							"head_rot": [0, 338.60123],
							"scale": [1, 1, 1]
						}
					}
				},
				{
					"time": 0.25,
					"node_transforms": {
						"6ef555e2-76de-957f-db47-33d1c1e53cd3": {
							"matrix": [-0.70711, 0, 0.70711, 0, 0, 1, 0, 0, -0.70711, 0, -0.70711, 0, 0, 0, 0, 1],
							"decomposed": {
								"translation": [0, 0, 0],
								"left_rotation": [0, 0.92388, 0, -0.38268],
								"scale": [1, 1, 1]
							},
							"pos": [0, 0, 0],
							"rot": [0, 315, 0],
							"head_rot": [0, 315],
							"scale": [1, 1, 1]
						},
						"8a070397-69d7-3ce7-7201-290f9f9ff4b3": {
							"matrix": [-0.92388, 0, 0.38268, 0, 0, 1, 0, 0, -0.38268, 0, -0.92388, 0, 0, 0, 0, 1],
							"decomposed": {
								"translation": [0, 0, 0],
								"left_rotation": [0, 0.98079, 0, -0.19509],
								"scale": [1, 1, 1]
							},
							"pos": [0, 0, 0],
							"rot": [0, 337.5, 0],
							"head_rot": [0, 337.5],
							"scale": [1, 1, 1]
						}
					}
				},
				{
					"time": 0.3,
					"node_transforms": {
						"6ef555e2-76de-957f-db47-33d1c1e53cd3": {
							"matrix": [-0.73376, 0, 0.67941, 0, 0, 1, 0, 0, -0.67941, 0, -0.73376, 0, 0, 0, 0, 1],
							"decomposed": {
								"translation": [0, 0, 0],
								"left_rotation": [0, 0.93106, 0, -0.36486],
								"scale": [1, 1, 1]
							},
							"pos": [0, 0, 0],
							"rot": [0, 317.20246, 0],
							"head_rot": [0, 317.20246],
							"scale": [1, 1, 1]
						},
						"8a070397-69d7-3ce7-7201-290f9f9ff4b3": {
							"matrix": [-0.93106, 0, 0.36486, 0, 0, 1, 0, 0, -0.36486, 0, -0.93106, 0, 0, 0, 0, 1],
							"decomposed": {
								"translation": [0, 0, 0],
								"left_rotation": [0, 0.98261, 0, -0.18566],
								"scale": [1, 1, 1]
							},
							"pos": [0, 0, 0],
							"rot": [0, 338.60123, 0],
							"head_rot": [0, 338.60123],
							"scale": [1, 1, 1]
						}
					}
				},
				{
					"time": 0.35,
					"node_transforms": {
						"6ef555e2-76de-957f-db47-33d1c1e53cd3": {
							"matrix": [-0.80483, 0, 0.5935, 0, 0, 1, 0, 0, -0.5935, 0, -0.80483, 0, 0, 0, 0, 1],
							"decomposed": {
								"translation": [0, 0, 0],
								"left_rotation": [0, 0.94996, 0, -0.31238],
								"scale": [1, 1, 1]
							},
							"pos": [0, 0, 0],
							"rot": [0, 323.59424, 0],
							"head_rot": [0, 323.59424],
							"scale": [1, 1, 1]
						},
						"8a070397-69d7-3ce7-7201-290f9f9ff4b3": {
							"matrix": [-0.94996, 0, 0.31238, 0, 0, 1, 0, 0, -0.31238, 0, -0.94996, 0, 0, 0, 0, 1],
							"decomposed": {
								"translation": [0, 0, 0],
								"left_rotation": [0, 0.98741, 0, -0.15818],
								"scale": [1, 1, 1]
							},
							"pos": [0, 0, 0],
							"rot": [0, 341.79712, 0],
							"head_rot": [0, 341.79712],
							"scale": [1, 1, 1]
						}
					}
				},
				{
					"time": 0.4,
					"node_transforms": {
						"6ef555e2-76de-957f-db47-33d1c1e53cd3": {
							"matrix": [-0.89532, 0, 0.44542, 0, 0, 1, 0, 0, -0.44542, 0, -0.89532, 0, 0, 0, 0, 1],
							"decomposed": {
								"translation": [0, 0, 0],
								"left_rotation": [0, 0.97348, 0, -0.22878],
								"scale": [1, 1, 1]
							},
							"pos": [0, 0, 0],
							"rot": [0, 333.54966, 0],
							"head_rot": [0, 333.54966],
							"scale": [1, 1, 1]
						},
						"8a070397-69d7-3ce7-7201-290f9f9ff4b3": {
							"matrix": [-0.97348, 0, 0.22878, 0, 0, 1, 0, 0, -0.22878, 0, -0.97348, 0, 0, 0, 0, 1],
							"decomposed": {
								"translation": [0, 0, 0],
								"left_rotation": [0, 0.99335, 0, -0.11516],
								"scale": [1, 1, 1]
							},
							"pos": [0, 0, 0],
							"rot": [0, 346.77483, 0],
							"head_rot": [0, 346.77483],
							"scale": [1, 1, 1]
						}
					}
				},
				{
					"time": 0.45,
					"node_transforms": {
						"6ef555e2-76de-957f-db47-33d1c1e53cd3": {
							"matrix": [-0.97069, 0, 0.24033, 0, 0, 1, 0, 0, -0.24033, 0, -0.97069, 0, 0, 0, 0, 1],
							"decomposed": {
								"translation": [0, 0, 0],
								"left_rotation": [0, 0.99265, 0, -0.12105],
								"scale": [1, 1, 1]
							},
							"pos": [0, 0, 0],
							"rot": [0, 346.09424, 0],
							"head_rot": [0, 346.09424],
							"scale": [1, 1, 1]
						},
						"8a070397-69d7-3ce7-7201-290f9f9ff4b3": {
							"matrix": [-0.99265, 0, 0.12105, 0, 0, 1, 0, 0, -0.12105, 0, -0.99265, 0, 0, 0, 0, 1],
							"decomposed": {
								"translation": [0, 0, 0],
								"left_rotation": [0, 0.99816, 0, -0.06064],
								"scale": [1, 1, 1]
							},
							"pos": [0, 0, 0],
							"rot": [0, 353.04712, 0],
							"head_rot": [0, 353.04712],
							"scale": [1, 1, 1]
						}
					}
				},
				{
					"time": 0.5,
					"node_transforms": {
						"6ef555e2-76de-957f-db47-33d1c1e53cd3": {
							"matrix": [-1, 0, 0, 0, 0, 1, 0, 0, 0, 0, -1, 0, 0, 0, 0, 1],
							"decomposed": {
								"translation": [0, 0, 0],
								"left_rotation": [0, 1, 0, 0],
								"scale": [1, 1, 1]
							},
							"pos": [0, 0, 0],
							"rot": [0, 0, 0],
							"head_rot": [0, 0],
							"scale": [1, 1, 1]
						},
						"8a070397-69d7-3ce7-7201-290f9f9ff4b3": {
							"matrix": [-1, 0, 0, 0, 0, 1, 0, 0, 0, 0, -1, 0, 0, 0, 0, 1],
							"decomposed": {
								"translation": [0, 0, 0],
								"left_rotation": [0, 1, 0, 0],
								"scale": [1, 1, 1]
							},
							"pos": [0, 0, 0],
							"rot": [0, 0, 0],
							"head_rot": [0, 0],
							"scale": [1, 1, 1]
						}
					}
				},
				{
					"time": 0.55,
					"node_transforms": {
						"6ef555e2-76de-957f-db47-33d1c1e53cd3": {
							"matrix": [-0.97069, 0, -0.24033, 0, 0, 1, 0, 0, 0.24033, 0, -0.97069, 0, 0, 0, 0, 1],
							"decomposed": {
								"translation": [0, 0, 0],
								"left_rotation": [0, 0.99265, 0, 0.12105],
								"scale": [1, 1, 1]
							},
							"pos": [0, 0, 0],
							"rot": [0, 13.90576, 0],
							"head_rot": [0, 13.90576],
							"scale": [1, 1, 1]
						},
						"8a070397-69d7-3ce7-7201-290f9f9ff4b3": {
							"matrix": [-0.99265, 0, -0.12105, 0, 0, 1, 0, 0, 0.12105, 0, -0.99265, 0, 0, 0, 0, 1],
							"decomposed": {
								"translation": [0, 0, 0],
								"left_rotation": [0, 0.99816, 0, 0.06064],
								"scale": [1, 1, 1]
							},
							"pos": [0, 0, 0],
							"rot": [0, 6.95288, 0],
							"head_rot": [0, 6.95288],
							"scale": [1, 1, 1]
						}
					}
				},
				{
					"time": 0.6,
					"node_transforms": {
						"6ef555e2-76de-957f-db47-33d1c1e53cd3": {
							"matrix": [-0.89532, 0, -0.44542, 0, 0, 1, 0, 0, 0.44542, 0, -0.89532, 0, 0, 0, 0, 1],
							"decomposed": {
								"translation": [0, 0, 0],
								"left_rotation": [0, 0.97348, 0, 0.22878],
								"scale": [1, 1, 1]
							},
							"pos": [0, 0, 0],
							"rot": [0, 26.45034, 0],
							"head_rot": [0, 26.45034],
							"scale": [1, 1, 1]
						},
						"8a070397-69d7-3ce7-7201-290f9f9ff4b3": {
							"matrix": [-0.97348, 0, -0.22878, 0, 0, 1, 0, 0, 0.22878, 0, -0.97348, 0, 0, 0, 0, 1],
							"decomposed": {
								"translation": [0, 0, 0],
								"left_rotation": [0, 0.99335, 0, 0.11516],
								"scale": [1, 1, 1]
							},
							"pos": [0, 0, 0],
							"rot": [0, 13.22517, 0],
							"head_rot": [0, 13.22517],
							"scale": [1, 1, 1]
						}
					}
				},
				{
					"time": 0.65,
					"node_transforms": {
						"6ef555e2-76de-957f-db47-33d1c1e53cd3": {
							"matrix": [-0.80483, 0, -0.5935, 0, 0, 1, 0, 0, 0.5935, 0, -0.80483, 0, 0, 0, 0, 1],
							"decomposed": {
								"translation": [0, 0, 0],
								"left_rotation": [0, 0.94996, 0, 0.31238],
								"scale": [1, 1, 1]
							},
							"pos": [0, 0, 0],
							"rot": [0, 36.40576, 0],
							"head_rot": [0, 36.40576],
							"scale": [1, 1, 1]
						},
						"8a070397-69d7-3ce7-7201-290f9f9ff4b3": {
							"matrix": [-0.94996, 0, -0.31238, 0, 0, 1, 0, 0, 0.31238, 0, -0.94996, 0, 0, 0, 0, 1],
							"decomposed": {
								"translation": [0, 0, 0],
								"left_rotation": [0, 0.98741, 0, 0.15818],
								"scale": [1, 1, 1]
							},
							"pos": [0, 0, 0],
							"rot": [0, 18.20288, 0],
							"head_rot": [0, 18.20288],
							"scale": [1, 1, 1]
						}
					}
				},
				{
					"time": 0.7,
					"node_transforms": {
						"6ef555e2-76de-957f-db47-33d1c1e53cd3": {
							"matrix": [-0.73376, 0, -0.67941, 0, 0, 1, 0, 0, 0.67941, 0, -0.73376, 0, 0, 0, 0, 1],
							"decomposed": {
								"translation": [0, 0, 0],
								"left_rotation": [0, 0.93106, 0, 0.36486],
								"scale": [1, 1, 1]
							},
							"pos": [0, 0, 0],
							"rot": [0, 42.79754, 0],
							"head_rot": [0, 42.79754],
							"scale": [1, 1, 1]
						},
						"8a070397-69d7-3ce7-7201-290f9f9ff4b3": {
							"matrix": [-0.93106, 0, -0.36486, 0, 0, 1, 0, 0, 0.36486, 0, -0.93106, 0, 0, 0, 0, 1],
							"decomposed": {
								"translation": [0, 0, 0],
								"left_rotation": [0, 0.98261, 0, 0.18566],
								"scale": [1, 1, 1]
							},
							"pos": [0, 0, 0],
							"rot": [0, 21.39877, 0],
							"head_rot": [0, 21.39877],
							"scale": [1, 1, 1]
						}
					}
				},
				{
					"time": 0.75,
					"node_transforms": {
						"6ef555e2-76de-957f-db47-33d1c1e53cd3": {
							"matrix": [-0.70711, 0, -0.70711, 0, 0, 1, 0, 0, 0.70711, 0, -0.70711, 0, 0, 0, 0, 1],
							"decomposed": {
								"translation": [0, 0, 0],
								"left_rotation": [0, 0.92388, 0, 0.38268],
								"scale": [1, 1, 1]
							},
							"pos": [0, 0, 0],
							"rot": [0, 45, 0],
							"head_rot": [0, 45],
							"scale": [1, 1, 1]
						},
						"8a070397-69d7-3ce7-7201-290f9f9ff4b3": {
							"matrix": [-0.92388, 0, -0.38268, 0, 0, 1, 0, 0, 0.38268, 0, -0.92388, 0, 0, 0, 0, 1],
							"decomposed": {
								"translation": [0, 0, 0],
								"left_rotation": [0, 0.98079, 0, 0.19509],
								"scale": [1, 1, 1]
							},
							"pos": [0, 0, 0],
							"rot": [0, 22.5, 0],
							"head_rot": [0, 22.5],
							"scale": [1, 1, 1]
						}
					}
				},
				{
					"time": 0.8,
					"node_transforms": {
						"6ef555e2-76de-957f-db47-33d1c1e53cd3": {
							"matrix": [-0.73376, 0, -0.67941, 0, 0, 1, 0, 0, 0.67941, 0, -0.73376, 0, 0, 0, 0, 1],
							"decomposed": {
								"translation": [0, 0, 0],
								"left_rotation": [0, 0.93106, 0, 0.36486],
								"scale": [1, 1, 1]
							},
							"pos": [0, 0, 0],
							"rot": [0, 42.79754, 0],
							"head_rot": [0, 42.79754],
							"scale": [1, 1, 1]
						},
						"8a070397-69d7-3ce7-7201-290f9f9ff4b3": {
							"matrix": [-0.93106, 0, -0.36486, 0, 0, 1, 0, 0, 0.36486, 0, -0.93106, 0, 0, 0, 0, 1],
							"decomposed": {
								"translation": [0, 0, 0],
								"left_rotation": [0, 0.98261, 0, 0.18566],
								"scale": [1, 1, 1]
							},
							"pos": [0, 0, 0],
							"rot": [0, 21.39877, 0],
							"head_rot": [0, 21.39877],
							"scale": [1, 1, 1]
						}
					}
				},
				{
					"time": 0.85,
					"node_transforms": {
						"6ef555e2-76de-957f-db47-33d1c1e53cd3": {
							"matrix": [-0.80483, 0, -0.5935, 0, 0, 1, 0, 0, 0.5935, 0, -0.80483, 0, 0, 0, 0, 1],
							"decomposed": {
								"translation": [0, 0, 0],
								"left_rotation": [0, 0.94996, 0, 0.31238],
								"scale": [1, 1, 1]
							},
							"pos": [0, 0, 0],
							"rot": [0, 36.40576, 0],
							"head_rot": [0, 36.40576],
							"scale": [1, 1, 1]
						},
						"8a070397-69d7-3ce7-7201-290f9f9ff4b3": {
							"matrix": [-0.94996, 0, -0.31238, 0, 0, 1, 0, 0, 0.31238, 0, -0.94996, 0, 0, 0, 0, 1],
							"decomposed": {
								"translation": [0, 0, 0],
								"left_rotation": [0, 0.98741, 0, 0.15818],
								"scale": [1, 1, 1]
							},
							"pos": [0, 0, 0],
							"rot": [0, 18.20288, 0],
							"head_rot": [0, 18.20288],
							"scale": [1, 1, 1]
						}
					}
				},
				{
					"time": 0.9,
					"node_transforms": {
						"6ef555e2-76de-957f-db47-33d1c1e53cd3": {
							"matrix": [-0.89532, 0, -0.44542, 0, 0, 1, 0, 0, 0.44542, 0, -0.89532, 0, 0, 0, 0, 1],
							"decomposed": {
								"translation": [0, 0, 0],
								"left_rotation": [0, 0.97348, 0, 0.22878],
								"scale": [1, 1, 1]
							},
							"pos": [0, 0, 0],
							"rot": [0, 26.45034, 0],
							"head_rot": [0, 26.45034],
							"scale": [1, 1, 1]
						},
						"8a070397-69d7-3ce7-7201-290f9f9ff4b3": {
							"matrix": [-0.97348, 0, -0.22878, 0, 0, 1, 0, 0, 0.22878, 0, -0.97348, 0, 0, 0, 0, 1],
							"decomposed": {
								"translation": [0, 0, 0],
								"left_rotation": [0, 0.99335, 0, 0.11516],
								"scale": [1, 1, 1]
							},
							"pos": [0, 0, 0],
							"rot": [0, 13.22517, 0],
							"head_rot": [0, 13.22517],
							"scale": [1, 1, 1]
						}
					}
				},
				{
					"time": 0.95,
					"node_transforms": {
						"6ef555e2-76de-957f-db47-33d1c1e53cd3": {
							"matrix": [-0.97069, 0, -0.24033, 0, 0, 1, 0, 0, 0.24033, 0, -0.97069, 0, 0, 0, 0, 1],
							"decomposed": {
								"translation": [0, 0, 0],
								"left_rotation": [0, 0.99265, 0, 0.12105],
								"scale": [1, 1, 1]
							},
							"pos": [0, 0, 0],
							"rot": [0, 13.90576, 0],
							"head_rot": [0, 13.90576],
							"scale": [1, 1, 1]
						},
						"8a070397-69d7-3ce7-7201-290f9f9ff4b3": {
							"matrix": [-0.99265, 0, -0.12105, 0, 0, 1, 0, 0, 0.12105, 0, -0.99265, 0, 0, 0, 0, 1],
							"decomposed": {
								"translation": [0, 0, 0],
								"left_rotation": [0, 0.99816, 0, 0.06064],
								"scale": [1, 1, 1]
							},
							"pos": [0, 0, 0],
							"rot": [0, 6.95288, 0],
							"head_rot": [0, 6.95288],
							"scale": [1, 1, 1]
						}
					}
				},
				{
					"time": 1,
					"node_transforms": {
						"6ef555e2-76de-957f-db47-33d1c1e53cd3": {
							"matrix": [-1, 0, 0, 0, 0, 1, 0, 0, 0, 0, -1, 0, 0, 0, 0, 1],
							"decomposed": {
								"translation": [0, 0, 0],
								"left_rotation": [0, 1, 0, 0],
								"scale": [1, 1, 1]
							},
							"pos": [0, 0, 0],
							"rot": [0, 0, 0],
							"head_rot": [0, 0],
							"scale": [1, 1, 1]
						},
						"8a070397-69d7-3ce7-7201-290f9f9ff4b3": {
							"matrix": [-1, 0, 0, 0, 0, 1, 0, 0, 0, 0, -1, 0, 0, 0, 0, 1],
							"decomposed": {
								"translation": [0, 0, 0],
								"left_rotation": [0, 1, 0, 0],
								"scale": [1, 1, 1]
							},
							"pos": [0, 0, 0],
							"rot": [0, 0, 0],
							"head_rot": [0, 0],
							"scale": [1, 1, 1]
						}
					}
				}
			],
			"modified_nodes": ["6ef555e2-76de-957f-db47-33d1c1e53cd3", "8a070397-69d7-3ce7-7201-290f9f9ff4b3"]
		}
	}
}